10,23
31,35
11,8
11,7
11,6
11,5
11,4
11,3
11,2
11,1
11,0
10,22
10,21
10,20
10,19
10,18
10,17
10,16
10,15
10,14
10,13
10,12
10,11
10,10
10,9
10,8
10,7
10,6
10,5
10,4
10,3
10,2
10,1
10,0
9,6
9,5
9,4
9,3
9,2
9,1
4,4
4,3
4,2
4,1
3,3
3,2
3,1
2,3
2,2
2,1
0,408
0,322
0,273
0,270
0,243
0,0
31,34
31,33
31,32
31,31
31,30
31,29
31,28
31,27
31,26
31,25
31,24
31,23
31,22
31,21
31,20
31,19
31,18
31,17
31,16
31,15
31,14
31,13
31,12
31,11
31,10
31,9
31,8
31,7
31,6
31,5
31,4
31,3
31,2
31,0
0,276
0,275
0,272
0,271
0,12
0,10
0,8
0,437
